strip_a=40**aa19.58.1.16.74.9.58.1.49.45_ab_ac_ba50_bb5.1_bc493.500.8.0.1_bd5_be180_ca66.0.30.88.22.6.34.0.44_cb0_daFCF1E5.0.0.100_db_dd8.1.8.12.34_dh0.0.47.45.3_di3_qa_qb_dc0.1.FCF1E5.1.1_eh8.53_ea8.f8f1f6.CEB9C8.56.0.0_ec10.58.CEB9C8.CEB9C8.56.45.60.1_ed49.44.1.0.CEB9C8.56_ef0.2.62.CEB9C8.CEB9C8.56_eg2.2.62.CEB9C8.CEB9C8.56_r039.CEB9C8.CEB9C8.56.1.1.34.34.344.560.554.1_r150.CEB9C8.CEB9C8.56.0.0.100.100.353.520.480.0_r236.CEB9C8.CEB9C8.56.2.1.18.18.0.373.480.0_r353.CEB9C8.CEB9C8.56.0.0.50.50.350.573.493.0_fa1.72.29.56.0.64.56_fb7_fh4_fc6.9.55.6.9.55.54.61.61.50.50.50_fd1.0.21.56.56_fe50.52_ff0000000000_fg1.21_pa0.0.0.0.8.50.85.85.0.0_t0_pb_pc_pd_pe_ga0_gb1_gc14.0_ge0000000000_gh_gf_gg_gd00100000_ha100.100_hb50.1.0.100_hc0.47.50.0.47.50_hd8.1.56.32_ia_if_ib0.55.55.0.0.0.0.1.5.0.0.5.0.0.3_id_ic2.1E1019.57.57.0_jc_ie_ja_jb_jd_je_jf_jg_ka5.A37BAF.16.683B78.0_kb5.A37BAF.16.683B78_kc_kd_ke_kf_la_lb_oa_os_ob_oc_od_oe_of4.50.50.50.0_lc_m04.60.3.0.1.2.2.89.66.48.5.61_n0_s0_og_oh_oo_op_oq_or_om_on_ok_ol_oi0.231629.231629.0.0_oj0.231629.231629.0.0_ad0.0.0.0.0.0.0.0.0.0
strip_b=36**aa19.74.1.16.74.21.58.1.49.47_ab_ac_ba50_bb5.1_bc493.500.8.0.1_bd5_be180_ca66.0.30.88.22.6.34.0.44_cb0_daFCF1E5.0.0.100_db_dd8.1.8.12.34_dh0.0.47.45.3_di3_qa_qb_dc0.1.FCF1E5.1.1_ea8.f8f1f6.CEB9C8.56.0.0_ec10.50.CEB9C8.CEB9C8.56_ed49.44.1.0.CEB9C8.56_ef0.2.62.CEB9C8.CEB9C8.56_eg2.2.62.CEB9C8.CEB9C8.56_eh8.53_r039.CEB9C8.CEB9C8.56.1.1.34.34.344.560.554.1_r150.CEB9C8.CEB9C8.56.0.0.100.100.353.520.480.0_r236.CEB9C8.CEB9C8.56.2.1.18.18.0.373.480.0_r353.CEB9C8.CEB9C8.56.0.0.50.50.350.573.493.0_fa1.72.29.56.0.64.56_fb11_fc6.9.55.6.9.55.54.61.61_fd1.0.21.56.56_fe50.52_ff0000000000_fg1.21_t0_pa0.0.0.0.8.50.85.85.0.0_pb_pc_pd_pe_ga0_gb1_gc14.0_ge0000000000_gh_gf_gg_gd00100000_ha100.100_hb50.1.0.100_hc0.47.50.0.47.50_hd8.1.56.32_ia_if_ib0.55.55.0.2.1.0.1.5.0.0.5.0.0.3_id_ic2.1E1019.57.57.0_jc_ie_ja_jb_jd_je_jf_jg_ka5.A37BAF.16.683B78.0_kb5.A37BAF.16.683B78_kc_kd_ke_kf_la_lb_oa_os_ob_oc_od_oe_of4.50.50.50.0_lc_m04.60.3.0.1.2.2.89.66.48.5.61_n0_s0_og_oh_oo_op_oq_or_om_on_ok_ol_oi0.231629.231629.0.0_oj0.231629.231629.0.0_ad0.0.0.0.0.0.0.0.0.0
strip_c=36**aa15.52.1.16.74.17.56.1.47.35_ab_ac_ba50_bb5.1_bc493.500.8.0.1_bd5_be180_ca66.0.30.88.22.6.34.0.44_cb0_daFCF1E5.0.0.100_db_dd8.1.8.12.34_dh0.0.47.45.3_di3_qa_qb_dc0.1.FCF1E5.1.1_ea8.f8f1f6.CEB9C8.56.0.0_ec10.50.CEB9C8.CEB9C8.56_ed49.44.1.0.CEB9C8.56_ef0.2.62.CEB9C8.CEB9C8.56_eg2.2.62.CEB9C8.CEB9C8.56_eh8.53_r039.CEB9C8.CEB9C8.56.1.1.34.34.344.560.554.1_r150.CEB9C8.CEB9C8.56.0.0.100.100.353.520.480.0_r236.CEB9C8.CEB9C8.56.2.1.18.18.0.373.480.0_r353.CEB9C8.CEB9C8.56.0.0.50.50.350.573.493.0_fa1.72.29.56.0.64.56_fb11_fc6.9.55.6.9.55.54.61.61_fd1.0.21.56.56_fe50.52_ff0000000000_fg1.21_t0_pa0.0.0.0.8.50.85.85.0.0_pb_pc_pd_pe_ga0_gb1_gc0.0_ge0000000000_gh_gf_gg_gd00100000_ha100.100_hb50.1.50.100_hc0.47.50.0.47.50_hd4.1.56.100_ia_if_ib0.55.55.0.3.3.0.1.5.0.0.5.0.0.3_id_ic2.1E1019.57.57.0_jc_ie_ja_jb_jd_je_jf_jg_ka5.A37BAF.16.683B78.0_kb5.A37BAF.16.683B78_kc_kd_ke_kf_la_lb_oa_os_ob_oc_od_oe_of_lc_m04.60.3.0.1.2.2.89.66.48.5.61_n0_s0_og_oh_oo_op_oq_or_om_on_ok_ol_oi0.231629.231629.0.0_oj0.231629.231629.0.0_ad0.0.0.0.0.0.0.0.0.0
